<!DOCTYPE html>
<html lang="en">
<head>
    <meta charset="UTF-8">
    <meta name="viewport" content="width=device-width, initial-scale=1.0">
    <title>Darshan_Bhamare Portfolio</title>
    <link rel="stylesheet" href="styles.css">
    <link href="https://cdnjs.cloudflare.com/ajax/libs/font-awesome/6.0.0/css/all.min.css" rel="stylesheet">
    <link href="https://fonts.googleapis.com/css2?family=Poppins:wght@300;400;500;600;700&display=swap" rel="stylesheet">
    <link href="https://fonts.googleapis.com/css2?family=Montserrat:wght@400;500;600;700&display=swap" rel="stylesheet">
</head>
<body>
    <!-- Moving Background Elements -->
    <div class="floating-shapes">
        <div class="shape"></div>
        <div class="shape"></div>
        <div class="shape"></div>
        <div class="shape"></div>
        <div class="shape"></div>
        <div class="shape"></div>
        <div class="shape"></div>
        <div class="shape"></div>
    </div>
    
    <div class="moving-lines">
        <div class="line"></div>
        <div class="line"></div>
        <div class="line"></div>
        <div class="line"></div>
    </div>
    
    <div class="particles">
        <div class="particle"></div>
        <div class="particle"></div>
        <div class="particle"></div>
        <div class="particle"></div>
        <div class="particle"></div>
        <div class="particle"></div>
        <div class="particle"></div>
        <div class="particle"></div>
        <div class="particle"></div>
        <div class="particle"></div>
    </div>
    
    <div class="glowing-orbs">
        <div class="orb"></div>
        <div class="orb"></div>
        <div class="orb"></div>
    </div>
    
    <div class="tech-grid"></div>
    
    <div class="circuit-pattern"></div>
    
    <div class="binary-rain">
        <div class="binary-column">10101010<br>01010101<br>11001100<br>00110011<br>10101010<br>01010101<br>11001100<br>00110011<br>10101010<br>01010101</div>
        <div class="binary-column">01010101<br>10101010<br>00110011<br>11001100<br>01010101<br>10101010<br>00110011<br>11001100<br>01010101<br>10101010</div>
        <div class="binary-column">11001100<br>00110011<br>10101010<br>01010101<br>11001100<br>00110011<br>10101010<br>01010101<br>11001100<br>00110011</div>
        <div class="binary-column">00110011<br>11001100<br>01010101<br>10101010<br>00110011<br>11001100<br>01010101<br>10101010<br>00110011<br>11001100</div>
        <div class="binary-column">10101010<br>01010101<br>11001100<br>00110011<br>10101010<br>01010101<br>11001100<br>00110011<br>10101010<br>01010101</div>
        <div class="binary-column">01010101<br>10101010<br>00110011<br>11001100<br>01010101<br>10101010<br>00110011<br>11001100<br>01010101<br>10101010</div>
        <div class="binary-column">11001100<br>00110011<br>10101010<br>01010101<br>11001100<br>00110011<br>10101010<br>01010101<br>11001100<br>00110011</div>
        <div class="binary-column">00110011<br>11001100<br>01010101<br>10101010<br>00110011<br>11001100<br>01010101<br>10101010<br>00110011<br>11001100</div>
        <div class="binary-column">10101010<br>01010101<br>11001100<br>00110011<br>10101010<br>01010101<br>11001100<br>00110011<br>10101010<br>01010101</div>
        <div class="binary-column">01010101<br>10101010<br>00110011<br>11001100<br>01010101<br>10101010<br>00110011<br>11001100<br>01010101<br>10101010</div>
    </div>
    
    <div id="root"></div>
    
    <!-- React CDN -->
    <script crossorigin src="https://unpkg.com/react@18/umd/react.development.js"></script>
    <script crossorigin src="https://unpkg.com/react-dom@18/umd/react-dom.development.js"></script>
    <script src="https://unpkg.com/@babel/standalone/babel.min.js"></script>
    
    <script type="text/javascript" src="https://cdn.jsdelivr.net/npm/@emailjs/browser@4/dist/email.min.js"></script>
    <script type="text/javascript">
    (function(){
        emailjs.init("9Fu1LRXiuOESndbuf"); // ✅ Replace with your Public Key
    })();
    </script>

    <!-- Main App Script -->
    <script type="text/babel" src="app.js"></script>
</body>
</html>

